party_colors <- c(
  "A" = "#AA2723",
  "B" = "#723181",
  "C" = "#95B223",
  "D" = "#147B82",
  "F" = "#E27EA9",
  "I" = "#40B2C0",
  "K" = "#8C8376",
  "M" = "#B38DD4",
  "O" = "#EAC53F",
  "Q" = "#5ABD82",
  "V" = "#274062",
  "Æ" = "#7697D0",
  "Ø" = "#E5821B",
  "Å" = "#2C8637"
)
